[[0.25       6.         2.33333333 0.625      2.33333333 7.
  1.66666667 1.14285714 1.2        1.16666667]
 [0.75       0.28571429 1.         0.125      0.8        0.6
  1.         3.         0.85714286 1.66666667]
 [0.66666667 0.75       3.         1.25       1.5        0.88888889
  1.28571429 1.5        0.4        1.        ]
 [1.         0.71428571 3.         0.71428571 4.5        1.2
  0.77777778 0.125      0.57142857 2.        ]
 [0.8        0.75       0.66666667 0.2        0.2        0.57142857
  0.77777778 0.85714286 1.2        4.        ]
 [4.5        0.25       0.33333333 0.44444444 1.         0.5
  3.         1.         0.55555556 0.5       ]
 [0.6        4.         1.         2.         0.66666667 0.4
  2.25       0.5        4.         1.        ]
 [0.2        2.         1.125      0.6        0.8        0.2
  7.         0.25       2.         3.5       ]
 [2.33333333 4.5        2.25       0.14285714 2.33333333 0.33333333
  2.         5.         1.33333333 0.125     ]
 [0.22222222 0.42857143 0.75       0.2        1.16666667 1.75
  1.66666667 0.16666667 0.75       2.5       ]]